101011110.1110
1011010101.1001
1000.0011
1111000.0100
111110.0010
101101.1110
1100000.0101
11010010.1010
10010.1100
1000000000.0010
100001.1000
1001.1010
1111111.1110
1000000.1100
10111.1000
101000101.0010
10001.1010
1001101.0110
11100.1000
1111.1100
101110.0100
110001000.0010
111110111.0101
1011.0101
1001110.1010
11001000.0010
100100.0100
1010010.1000
10000.1000
1011100.1110
1101.0010
11010001.1100
100101100.1110
101001.0101
101.0010
10011101.1010
101100.1110
11101.1000
111101.1010
1100110.0100
11011101.0010
101101.0010
10111000.1100
1000.0010
1100000.1110
110101.1000
1100.0101
1101110.0100
11001.0110
10111111.0010
1010101.00111110
111010.11110001
111000.11000001
101010.10000111
101010.11000111
111000.11100111
